Plaice in IV
103
BTS-Isis
1985      2011
1         1        0.66      0.75
1         8
1	136.759	173.893	36.059	10.997	1.273	0.973	0.336	0.155
1	667.441	131.704	50.173	9.208	3.780	0.400	0.418	0.147
1	225.822	764.186	33.841	4.880	1.842	0.607	0.252	0.134
1	680.173	146.993	182.312	9.991	2.810	0.814	0.458	0.036
1	467.877	319.272	38.660	47.305	5.850	0.833	0.311	0.661
1	185.344	146.071	79.339	26.351	5.469	0.758	0.189	0.383
1	291.378	159.424	33.955	13.569	4.313	5.659	0.239	0.204
1	360.890	174.526	29.253	5.961	3.748	2.871	1.186	0.346
1	188.988	283.400	62.783	8.272	1.128	1.130	0.584	0.464
1	193.260	77.139	34.458	10.586	2.667	0.600	0.800	0.895
1	265.634	40.618	13.218	7.527	1.110	0.806	0.330	1.051
1	310.287	206.883	21.469	4.470	3.134	0.838	0.044	0.161
1      1046.845	59.241	17.180	2.670	0.257	0.358	0.157	0.111
1	347.575	402.657	44.960	8.294	1.224	0.339	0.149	0.213
1	293.253	121.551	171.254	3.391	1.956	0.127	0.130	0.027
1	267.473	69.252	29.349	22.359	0.570	0.162	0.502	0.027
1	206.531	72.236	17.840	9.174	8.716	0.270	0.131	0.038
1	519.224	44.475	14.901	4.991	2.539	1.321	0.085	0.128
1	132.754	159.120	10.057	5.550	1.426	1.133	0.638	0.111
1	233.707	39.623	61.912	6.152	2.464	1.492	0.952	2.842
1	163.046	66.176	6.759	12.790	1.084	1.164	0.290	0.152
1	128.615	36.385	18.115	2.982	5.890	0.867	0.757	0.040
1	311.997	67.169	19.707	14.416	2.942	6.085	0.684	0.831
1	221.567	120.728	30.108	9.075	7.205	0.618	1.715	0.292
1	408.995	105.222	45.975	13.013	4.029	3.474	0.574	2.128
1	261.097	84.254	34.244	20.178	4.662	2.162	3.464	0.207
1	486.157	148.217	55.305	20.065	12.904	3.945	2.243	2.263
BTS-Tridens
1996      2011
1         1        0.66      0.75
1         9
1  1.643   6.021   4.451   2.903   2.039   1.566   0.721   0.415  0.190
1  0.221   7.119   9.127   3.252   2.105   1.523   0.401   0.819  0.354
1  0.228  32.249   9.572   4.874   2.202   1.274   0.929   0.762  0.304
1  2.692   7.711  35.228   5.558   2.498   1.928   0.633   0.761  0.309
1  4.795  13.445  12.910  16.957   2.882   1.716   0.933   0.805  0.218
1  2.154   8.612   9.901   6.681   7.360   1.055   0.592   0.418  0.505
1 18.553  12.912   9.541   6.411   4.181   4.420   0.743   0.741  0.394
1  3.975  41.692  13.378   9.059   5.077   2.806   3.920   0.703  0.740
1  5.985  15.784  31.488   9.430   4.316   2.439   1.242   2.500  0.409
1  6.876  23.366  12.234  17.672   2.824   6.871   1.565   0.567  3.574
1  6.725  32.192  25.727  11.367  10.918   1.985   3.897   0.864  0.723
1 26.571  23.735  19.551  23.175   4.900  10.147   1.974   3.786  0.323
1 17.467  50.462  25.585  18.392  18.974   6.243  12.747   2.657  6.749
1 12.110  41.685  43.331  19.126  12.052  11.768   3.081  10.119  1.567
1 26.180  35.716  34.561  30.093  13.412   5.695  12.234   2.744  6.362
1 41.881  71.478  41.593  28.462  31.670  14.284   5.501  11.881  1.172
SNS
   1982      2011
    1         1        0.66      0.75
    1         3
    1  69993   8642   1261
    1  33974  13909    249
    1  44965  10413   2467
    1  28101  13848   1598
    1  93552   7580   1152
    1  33402  32991   1227
    1  36609  14421  13153
    1  34276  17810   4373
    1  25037   7496   3160
    1  57221  11247   1518
    1  46798  13842   2268
    1  22098   9686   1006
    1  19188   4977    856
    1  24767   2796    381
    1  23015  10268   1185
    1  95901   4473    497
    1  33666  30242   5014
    1  32951  10272  13783
    1  22855   2493    891
    1  11511   2898    370
    1  30809   1103    265
    1     -1     -1     -1
    1  18202   1350   1081
    1  10118   1819    142
    1  12164   1571    385
    1  14175   2134    140
    1  14706   2700    464
    1  14860   2019    492
    1  11947   1812    529
    1  18349   1143    308

