Proportion of F before Spawning
1         7
1957      2011
1         15
1
0         0         0         0         0         0         0         0         0         0         0         0         0         0         0
0         0         0         0         0         0         0         0         0         0         0         0         0         0         0
0         0         0         0         0         0         0         0         0         0         0         0         0         0         0
0         0         0         0         0         0         0         0         0         0         0         0         0         0         0
0         0         0         0         0         0         0         0         0         0         0         0         0         0         0
0         0         0         0         0         0         0         0         0         0         0         0         0         0         0
0         0         0         0         0         0         0         0         0         0         0         0         0         0         0
0         0         0         0         0         0         0         0         0         0         0         0         0         0         0
0         0         0         0         0         0         0         0         0         0         0         0         0         0         0
0         0         0         0         0         0         0         0         0         0         0         0         0         0         0
0         0         0         0         0         0         0         0         0         0         0         0         0         0         0
0         0         0         0         0         0         0         0         0         0         0         0         0         0         0
0         0         0         0         0         0         0         0         0         0         0         0         0         0         0
0         0         0         0         0         0         0         0         0         0         0         0         0         0         0
0         0         0         0         0         0         0         0         0         0         0         0         0         0         0
0         0         0         0         0         0         0         0         0         0         0         0         0         0         0
0         0         0         0         0         0         0         0         0         0         0         0         0         0         0
0         0         0         0         0         0         0         0         0         0         0         0         0         0         0
0         0         0         0         0         0         0         0         0         0         0         0         0         0         0
0         0         0         0         0         0         0         0         0         0         0         0         0         0         0
0         0         0         0         0         0         0         0         0         0         0         0         0         0         0
0         0         0         0         0         0         0         0         0         0         0         0         0         0         0
0         0         0         0         0         0         0         0         0         0         0         0         0         0         0
0         0         0         0         0         0         0         0         0         0         0         0         0         0         0
0         0         0         0         0         0         0         0         0         0         0         0         0         0         0
0         0         0         0         0         0         0         0         0         0         0         0         0         0         0
0         0         0         0         0         0         0         0         0         0         0         0         0         0         0
0         0         0         0         0         0         0         0         0         0         0         0         0         0         0
0         0         0         0         0         0         0         0         0         0         0         0         0         0         0
0         0         0         0         0         0         0         0         0         0         0         0         0         0         0
0         0         0         0         0         0         0         0         0         0         0         0         0         0         0
0         0         0         0         0         0         0         0         0         0         0         0         0         0         0
0         0         0         0         0         0         0         0         0         0         0         0         0         0         0
0         0         0         0         0         0         0         0         0         0         0         0         0         0         0
0         0         0         0         0         0         0         0         0         0         0         0         0         0         0
0         0         0         0         0         0         0         0         0         0         0         0         0         0         0
0         0         0         0         0         0         0         0         0         0         0         0         0         0         0
0         0         0         0         0         0         0         0         0         0         0         0         0         0         0
0         0         0         0         0         0         0         0         0         0         0         0         0         0         0
0         0         0         0         0         0         0         0         0         0         0         0         0         0         0
0         0         0         0         0         0         0         0         0         0         0         0         0         0         0
0         0         0         0         0         0         0         0         0         0         0         0         0         0         0
0         0         0         0         0         0         0         0         0         0         0         0         0         0         0
0         0         0         0         0         0         0         0         0         0         0         0         0         0         0
0         0         0         0         0         0         0         0         0         0         0         0         0         0         0
0         0         0         0         0         0         0         0         0         0         0         0         0         0         0
0         0         0         0         0         0         0         0         0         0         0         0         0         0         0
0         0         0         0         0         0         0         0         0         0         0         0         0         0         0
0         0         0         0         0         0         0         0         0         0         0         0         0         0         0
0         0         0         0         0         0         0         0         0         0         0         0         0         0         0
0         0         0         0         0         0         0         0         0         0         0         0         0         0         0
0         0         0         0         0         0         0         0         0         0         0         0         0         0         0
0         0         0         0         0         0         0         0         0         0         0         0         0         0         0
0         0         0         0         0         0         0         0         0         0         0         0         0         0         0
0         0         0         0         0         0         0         0         0         0         0         0         0         0         0
