Landings (tonnes) ple 4; and VIId Q1, DCMM 01/05/2012
1       1
1957    2011
1       15
5
70563
73354
79300
87541
85984
87472
107118
110540
97143
101834
108819
111534
121651
130342
113944
122843
130429
112540
108536
113670
119188
113984
145347
140405
140565
155381
144903
157032
160870
166519
155104
156261
171319
157791
149343
126277
118027
111442
99235
82598
84152
72531
81720
82472
82873
71387
67172
62070
56257
58453
50348
49434
55446
61163
67963