Proportion of M before Spawning
1         8
1957      2011
1         15
1
0         0         0         0         0         0         0         0         0         0         0         0         0         0         0
0         0         0         0         0         0         0         0         0         0         0         0         0         0         0
0         0         0         0         0         0         0         0         0         0         0         0         0         0         0
0         0         0         0         0         0         0         0         0         0         0         0         0         0         0
0         0         0         0         0         0         0         0         0         0         0         0         0         0         0
0         0         0         0         0         0         0         0         0         0         0         0         0         0         0
0         0         0         0         0         0         0         0         0         0         0         0         0         0         0
0         0         0         0         0         0         0         0         0         0         0         0         0         0         0
0         0         0         0         0         0         0         0         0         0         0         0         0         0         0
0         0         0         0         0         0         0         0         0         0         0         0         0         0         0
0         0         0         0         0         0         0         0         0         0         0         0         0         0         0
0         0         0         0         0         0         0         0         0         0         0         0         0         0         0
0         0         0         0         0         0         0         0         0         0         0         0         0         0         0
0         0         0         0         0         0         0         0         0         0         0         0         0         0         0
0         0         0         0         0         0         0         0         0         0         0         0         0         0         0
0         0         0         0         0         0         0         0         0         0         0         0         0         0         0
0         0         0         0         0         0         0         0         0         0         0         0         0         0         0
0         0         0         0         0         0         0         0         0         0         0         0         0         0         0
0         0         0         0         0         0         0         0         0         0         0         0         0         0         0
0         0         0         0         0         0         0         0         0         0         0         0         0         0         0
0         0         0         0         0         0         0         0         0         0         0         0         0         0         0
0         0         0         0         0         0         0         0         0         0         0         0         0         0         0
0         0         0         0         0         0         0         0         0         0         0         0         0         0         0
0         0         0         0         0         0         0         0         0         0         0         0         0         0         0
0         0         0         0         0         0         0         0         0         0         0         0         0         0         0
0         0         0         0         0         0         0         0         0         0         0         0         0         0         0
0         0         0         0         0         0         0         0         0         0         0         0         0         0         0
0         0         0         0         0         0         0         0         0         0         0         0         0         0         0
0         0         0         0         0         0         0         0         0         0         0         0         0         0         0
0         0         0         0         0         0         0         0         0         0         0         0         0         0         0
0         0         0         0         0         0         0         0         0         0         0         0         0         0         0
0         0         0         0         0         0         0         0         0         0         0         0         0         0         0
0         0         0         0         0         0         0         0         0         0         0         0         0         0         0
0         0         0         0         0         0         0         0         0         0         0         0         0         0         0
0         0         0         0         0         0         0         0         0         0         0         0         0         0         0
0         0         0         0         0         0         0         0         0         0         0         0         0         0         0
0         0         0         0         0         0         0         0         0         0         0         0         0         0         0
0         0         0         0         0         0         0         0         0         0         0         0         0         0         0
0         0         0         0         0         0         0         0         0         0         0         0         0         0         0
0         0         0         0         0         0         0         0         0         0         0         0         0         0         0
0         0         0         0         0         0         0         0         0         0         0         0         0         0         0
0         0         0         0         0         0         0         0         0         0         0         0         0         0         0
0         0         0         0         0         0         0         0         0         0         0         0         0         0         0
0         0         0         0         0         0         0         0         0         0         0         0         0         0         0
0         0         0         0         0         0         0         0         0         0         0         0         0         0         0
0         0         0         0         0         0         0         0         0         0         0         0         0         0         0
0         0         0         0         0         0         0         0         0         0         0         0         0         0         0
0         0         0         0         0         0         0         0         0         0         0         0         0         0         0
0         0         0         0         0         0         0         0         0         0         0         0         0         0         0
0         0         0         0         0         0         0         0         0         0         0         0         0         0         0
0         0         0         0         0         0         0         0         0         0         0         0         0         0         0
0         0         0         0         0         0         0         0         0         0         0         0         0         0         0
0         0         0         0         0         0         0         0         0         0         0         0         0         0         0
0         0         0         0         0         0         0         0         0         0         0         0         0         0         0
0         0         0         0         0         0         0         0         0         0         0         0         0         0         0
