Natural Mortality
1       5
1957    2011
1       15
1
0.1     0.1     0.1     0.1     0.1     0.1     0.1     0.1     0.1     0.1     0.1     0.1     0.1     0.1     0.1
0.1     0.1     0.1     0.1     0.1     0.1     0.1     0.1     0.1     0.1     0.1     0.1     0.1     0.1     0.1
0.1     0.1     0.1     0.1     0.1     0.1     0.1     0.1     0.1     0.1     0.1     0.1     0.1     0.1     0.1
0.1     0.1     0.1     0.1     0.1     0.1     0.1     0.1     0.1     0.1     0.1     0.1     0.1     0.1     0.1
0.1     0.1     0.1     0.1     0.1     0.1     0.1     0.1     0.1     0.1     0.1     0.1     0.1     0.1     0.1
0.1     0.1     0.1     0.1     0.1     0.1     0.1     0.1     0.1     0.1     0.1     0.1     0.1     0.1     0.1
0.1     0.1     0.1     0.1     0.1     0.1     0.1     0.1     0.1     0.1     0.1     0.1     0.1     0.1     0.1
0.1     0.1     0.1     0.1     0.1     0.1     0.1     0.1     0.1     0.1     0.1     0.1     0.1     0.1     0.1
0.1     0.1     0.1     0.1     0.1     0.1     0.1     0.1     0.1     0.1     0.1     0.1     0.1     0.1     0.1
0.1     0.1     0.1     0.1     0.1     0.1     0.1     0.1     0.1     0.1     0.1     0.1     0.1     0.1     0.1
0.1     0.1     0.1     0.1     0.1     0.1     0.1     0.1     0.1     0.1     0.1     0.1     0.1     0.1     0.1
0.1     0.1     0.1     0.1     0.1     0.1     0.1     0.1     0.1     0.1     0.1     0.1     0.1     0.1     0.1
0.1     0.1     0.1     0.1     0.1     0.1     0.1     0.1     0.1     0.1     0.1     0.1     0.1     0.1     0.1
0.1     0.1     0.1     0.1     0.1     0.1     0.1     0.1     0.1     0.1     0.1     0.1     0.1     0.1     0.1
0.1     0.1     0.1     0.1     0.1     0.1     0.1     0.1     0.1     0.1     0.1     0.1     0.1     0.1     0.1
0.1     0.1     0.1     0.1     0.1     0.1     0.1     0.1     0.1     0.1     0.1     0.1     0.1     0.1     0.1
0.1     0.1     0.1     0.1     0.1     0.1     0.1     0.1     0.1     0.1     0.1     0.1     0.1     0.1     0.1
0.1     0.1     0.1     0.1     0.1     0.1     0.1     0.1     0.1     0.1     0.1     0.1     0.1     0.1     0.1
0.1     0.1     0.1     0.1     0.1     0.1     0.1     0.1     0.1     0.1     0.1     0.1     0.1     0.1     0.1
0.1     0.1     0.1     0.1     0.1     0.1     0.1     0.1     0.1     0.1     0.1     0.1     0.1     0.1     0.1
0.1     0.1     0.1     0.1     0.1     0.1     0.1     0.1     0.1     0.1     0.1     0.1     0.1     0.1     0.1
0.1     0.1     0.1     0.1     0.1     0.1     0.1     0.1     0.1     0.1     0.1     0.1     0.1     0.1     0.1
0.1     0.1     0.1     0.1     0.1     0.1     0.1     0.1     0.1     0.1     0.1     0.1     0.1     0.1     0.1
0.1     0.1     0.1     0.1     0.1     0.1     0.1     0.1     0.1     0.1     0.1     0.1     0.1     0.1     0.1
0.1     0.1     0.1     0.1     0.1     0.1     0.1     0.1     0.1     0.1     0.1     0.1     0.1     0.1     0.1
0.1     0.1     0.1     0.1     0.1     0.1     0.1     0.1     0.1     0.1     0.1     0.1     0.1     0.1     0.1
0.1     0.1     0.1     0.1     0.1     0.1     0.1     0.1     0.1     0.1     0.1     0.1     0.1     0.1     0.1
0.1     0.1     0.1     0.1     0.1     0.1     0.1     0.1     0.1     0.1     0.1     0.1     0.1     0.1     0.1
0.1     0.1     0.1     0.1     0.1     0.1     0.1     0.1     0.1     0.1     0.1     0.1     0.1     0.1     0.1
0.1     0.1     0.1     0.1     0.1     0.1     0.1     0.1     0.1     0.1     0.1     0.1     0.1     0.1     0.1
0.1     0.1     0.1     0.1     0.1     0.1     0.1     0.1     0.1     0.1     0.1     0.1     0.1     0.1     0.1
0.1     0.1     0.1     0.1     0.1     0.1     0.1     0.1     0.1     0.1     0.1     0.1     0.1     0.1     0.1
0.1     0.1     0.1     0.1     0.1     0.1     0.1     0.1     0.1     0.1     0.1     0.1     0.1     0.1     0.1
0.1     0.1     0.1     0.1     0.1     0.1     0.1     0.1     0.1     0.1     0.1     0.1     0.1     0.1     0.1
0.1     0.1     0.1     0.1     0.1     0.1     0.1     0.1     0.1     0.1     0.1     0.1     0.1     0.1     0.1
0.1     0.1     0.1     0.1     0.1     0.1     0.1     0.1     0.1     0.1     0.1     0.1     0.1     0.1     0.1
0.1     0.1     0.1     0.1     0.1     0.1     0.1     0.1     0.1     0.1     0.1     0.1     0.1     0.1     0.1
0.1     0.1     0.1     0.1     0.1     0.1     0.1     0.1     0.1     0.1     0.1     0.1     0.1     0.1     0.1
0.1     0.1     0.1     0.1     0.1     0.1     0.1     0.1     0.1     0.1     0.1     0.1     0.1     0.1     0.1
0.1     0.1     0.1     0.1     0.1     0.1     0.1     0.1     0.1     0.1     0.1     0.1     0.1     0.1     0.1
0.1     0.1     0.1     0.1     0.1     0.1     0.1     0.1     0.1     0.1     0.1     0.1     0.1     0.1     0.1
0.1     0.1     0.1     0.1     0.1     0.1     0.1     0.1     0.1     0.1     0.1     0.1     0.1     0.1     0.1
0.1     0.1     0.1     0.1     0.1     0.1     0.1     0.1     0.1     0.1     0.1     0.1     0.1     0.1     0.1
0.1     0.1     0.1     0.1     0.1     0.1     0.1     0.1     0.1     0.1     0.1     0.1     0.1     0.1     0.1
0.1     0.1     0.1     0.1     0.1     0.1     0.1     0.1     0.1     0.1     0.1     0.1     0.1     0.1     0.1
0.1     0.1     0.1     0.1     0.1     0.1     0.1     0.1     0.1     0.1     0.1     0.1     0.1     0.1     0.1
0.1     0.1     0.1     0.1     0.1     0.1     0.1     0.1     0.1     0.1     0.1     0.1     0.1     0.1     0.1
0.1     0.1     0.1     0.1     0.1     0.1     0.1     0.1     0.1     0.1     0.1     0.1     0.1     0.1     0.1
0.1     0.1     0.1     0.1     0.1     0.1     0.1     0.1     0.1     0.1     0.1     0.1     0.1     0.1     0.1
0.1     0.1     0.1     0.1     0.1     0.1     0.1     0.1     0.1     0.1     0.1     0.1     0.1     0.1     0.1
0.1     0.1     0.1     0.1     0.1     0.1     0.1     0.1     0.1     0.1     0.1     0.1     0.1     0.1     0.1
0.1     0.1     0.1     0.1     0.1     0.1     0.1     0.1     0.1     0.1     0.1     0.1     0.1     0.1     0.1
0.1     0.1     0.1     0.1     0.1     0.1     0.1     0.1     0.1     0.1     0.1     0.1     0.1     0.1     0.1
0.1     0.1     0.1     0.1     0.1     0.1     0.1     0.1     0.1     0.1     0.1     0.1     0.1     0.1     0.1
0.1     0.1     0.1     0.1     0.1     0.1     0.1     0.1     0.1     0.1     0.1     0.1     0.1     0.1     0.1
