Plaice in IV: Discards in numbers (thousands); DCMM 29/04/2012. Estimated from sampling programs, NL,DK,DE, (UK to 2007) estimates raised by international landings. Dutch estimates: <2009 = OBS, 2009+10 = final data based on weighted avg. (by trip) for SS (self-sample) and OBS; 2011 Dutch all from SS
1         22
2000	  2011
1         15
1
103468    171213    51092     64971     1230      241       263       167       1         0         0         0         0         0         0
30346     352452    186900    74744     54276     152       45        1         1         0         0         0         0         0         0
309822    177574    76246     12113     1571      661       107       1         1         0         0         0         0         0         0
67718     517641    52582     19130     3843      386       5751      1         2         0         0         0         0         0         0
232936    179561    115746    6614      1047      232       37        1         2         0         0         0         0         0         0
93585     324744    43297     19440     4098      5968      147       1         54        0         0         0         0         0         0
220501    223814    107163    9129      2324      249       732       194       1         1080      0         0         0         0         0
77239     203775    66539     8999      736       6972      170       1644      1349      1056      0         0         0         0         0
135339    251389    34997     4568      1644      328       8845      885       41        613       0         0         0         0         0
148639    191957    66063     9165      1973      1106      136       3220      3         8472      0         0         0         0         0
165914	  177912    58279     22582	2672	  1726	    2073      281	530	  810	    0	      0		0	  0	    0
117296	  150354    60525     36447	12789	  2920	    143	      2273	0	  16534     0	      0		0	  0	    0

