Proportion Mature at Year Start
1       6
1957    2011
1       15
1
0       0.5     0.5     1       1       1       1       1       1       1       1       1       1       1       1
0       0.5     0.5     1       1       1       1       1       1       1       1       1       1       1       1
0       0.5     0.5     1       1       1       1       1       1       1       1       1       1       1       1
0       0.5     0.5     1       1       1       1       1       1       1       1       1       1       1       1
0       0.5     0.5     1       1       1       1       1       1       1       1       1       1       1       1
0       0.5     0.5     1       1       1       1       1       1       1       1       1       1       1       1
0       0.5     0.5     1       1       1       1       1       1       1       1       1       1       1       1
0       0.5     0.5     1       1       1       1       1       1       1       1       1       1       1       1
0       0.5     0.5     1       1       1       1       1       1       1       1       1       1       1       1
0       0.5     0.5     1       1       1       1       1       1       1       1       1       1       1       1
0       0.5     0.5     1       1       1       1       1       1       1       1       1       1       1       1
0       0.5     0.5     1       1       1       1       1       1       1       1       1       1       1       1
0       0.5     0.5     1       1       1       1       1       1       1       1       1       1       1       1
0       0.5     0.5     1       1       1       1       1       1       1       1       1       1       1       1
0       0.5     0.5     1       1       1       1       1       1       1       1       1       1       1       1
0       0.5     0.5     1       1       1       1       1       1       1       1       1       1       1       1
0       0.5     0.5     1       1       1       1       1       1       1       1       1       1       1       1
0       0.5     0.5     1       1       1       1       1       1       1       1       1       1       1       1
0       0.5     0.5     1       1       1       1       1       1       1       1       1       1       1       1
0       0.5     0.5     1       1       1       1       1       1       1       1       1       1       1       1
0       0.5     0.5     1       1       1       1       1       1       1       1       1       1       1       1
0       0.5     0.5     1       1       1       1       1       1       1       1       1       1       1       1
0       0.5     0.5     1       1       1       1       1       1       1       1       1       1       1       1
0       0.5     0.5     1       1       1       1       1       1       1       1       1       1       1       1
0       0.5     0.5     1       1       1       1       1       1       1       1       1       1       1       1
0       0.5     0.5     1       1       1       1       1       1       1       1       1       1       1       1
0       0.5     0.5     1       1       1       1       1       1       1       1       1       1       1       1
0       0.5     0.5     1       1       1       1       1       1       1       1       1       1       1       1
0       0.5     0.5     1       1       1       1       1       1       1       1       1       1       1       1
0       0.5     0.5     1       1       1       1       1       1       1       1       1       1       1       1
0       0.5     0.5     1       1       1       1       1       1       1       1       1       1       1       1
0       0.5     0.5     1       1       1       1       1       1       1       1       1       1       1       1
0       0.5     0.5     1       1       1       1       1       1       1       1       1       1       1       1
0       0.5     0.5     1       1       1       1       1       1       1       1       1       1       1       1
0       0.5     0.5     1       1       1       1       1       1       1       1       1       1       1       1
0       0.5     0.5     1       1       1       1       1       1       1       1       1       1       1       1
0       0.5     0.5     1       1       1       1       1       1       1       1       1       1       1       1
0       0.5     0.5     1       1       1       1       1       1       1       1       1       1       1       1
0       0.5     0.5     1       1       1       1       1       1       1       1       1       1       1       1
0       0.5     0.5     1       1       1       1       1       1       1       1       1       1       1       1
0       0.5     0.5     1       1       1       1       1       1       1       1       1       1       1       1
0       0.5     0.5     1       1       1       1       1       1       1       1       1       1       1       1
0       0.5     0.5     1       1       1       1       1       1       1       1       1       1       1       1
0       0.5     0.5     1       1       1       1       1       1       1       1       1       1       1       1
0       0.5     0.5     1       1       1       1       1       1       1       1       1       1       1       1
0       0.5     0.5     1       1       1       1       1       1       1       1       1       1       1       1
0       0.5     0.5     1       1       1       1       1       1       1       1       1       1       1       1
0       0.5     0.5     1       1       1       1       1       1       1       1       1       1       1       1
0       0.5     0.5     1       1       1       1       1       1       1       1       1       1       1       1
0       0.5     0.5     1       1       1       1       1       1       1       1       1       1       1       1
0       0.5     0.5     1       1       1       1       1       1       1       1       1       1       1       1
0       0.5     0.5     1       1       1       1       1       1       1       1       1       1       1       1
0       0.5     0.5     1       1       1       1       1       1       1       1       1       1       1       1
0       0.5     0.5     1       1       1       1       1       1       1       1       1       1       1       1
0       0.5     0.5     1       1       1       1       1       1       1       1       1       1       1       1
