Plaice in IV: Mean weight in landings; DCMM 29/04/2012 
1         3
1957      2011
1         15
1
0.000     0.165     0.201     0.258     0.353     0.456     0.533     0.589     0.396     0.821     0.957     1.048     1.233     1.141     1.487
0.000     0.198     0.221     0.259     0.337     0.453     0.513     0.615     0.665     0.802     0.920     1.045     1.134     1.370     1.563
0.000     0.218     0.246     0.293     0.362     0.473     0.592     0.623     0.750     0.791     0.918     1.009     1.190     1.267     1.563
0.000     0.200     0.236     0.289     0.386     0.485     0.601     0.683     0.724     0.874     0.959     1.162     1.232     1.360     1.572
0.000     0.191     0.233     0.302     0.412     0.509     0.604     0.671     0.812     0.870     0.942     1.033     1.224     1.239     1.553
0.000     0.211     0.248     0.300     0.400     0.541     0.570     0.692     0.777     0.959     0.995     1.100     1.187     1.410     1.540
0.000     0.253     0.286     0.319     0.399     0.533     0.624     0.667     0.715     0.860     0.920     1.033     1.004     1.182     1.276
0.000     0.250     0.273     0.312     0.388     0.487     0.628     0.700     0.737     0.841     0.890     0.954     0.938     1.098     1.204
0.000     0.242     0.282     0.321     0.385     0.471     0.539     0.663     0.726     0.615     0.792     0.857     0.974     0.878     1.121
0.000     0.232     0.270     0.348     0.436     0.484     0.559     0.624     0.690     0.813     0.858     0.843     0.943     1.018     1.080
0.000     0.232     0.279     0.322     0.425     0.547     0.597     0.662     0.738     0.837     0.870     0.902     0.950     1.032     1.214
0.000     0.267     0.298     0.331     0.366     0.517     0.590     0.596     0.686     0.750     0.817     0.939     0.936     0.973     1.201
0.217     0.294     0.310     0.333     0.359     0.412     0.573     0.655     0.658     0.694     0.810     0.838     1.022     0.863     1.179
0.315     0.286     0.318     0.356     0.419     0.443     0.499     0.672     0.744     0.762     0.780     0.892     0.941     1.021     1.128
0.256     0.318     0.356     0.403     0.448     0.514     0.542     0.607     0.699     0.724     0.818     0.848     0.922     1.004     1.133
0.246     0.296     0.352     0.428     0.493     0.541     0.608     0.646     0.674     0.785     0.841     0.901     0.900     0.964     1.192
0.272     0.316     0.344     0.405     0.486     0.539     0.605     0.627     0.677     0.729     0.978     0.907     0.942     0.983     1.079
0.285     0.311     0.354     0.405     0.476     0.554     0.609     0.693     0.707     0.779     0.849     0.971     1.002     1.040     1.224
0.249     0.300     0.330     0.420     0.495     0.587     0.636     0.703     0.783     0.853     0.854     0.983     0.953     1.138     1.264
0.265     0.295     0.338     0.375     0.513     0.594     0.641     0.705     0.741     0.813     0.851     0.928     1.019     1.009     1.159
0.254     0.323     0.353     0.380     0.418     0.556     0.647     0.721     0.715     0.791     0.898     0.970     0.855     1.063     1.165
0.244     0.315     0.369     0.397     0.438     0.491     0.609     0.687     0.776     0.781     0.886     0.983     1.039     0.933     1.094
0.235     0.311     0.349     0.388     0.429     0.474     0.550     0.675     0.796     0.871     0.818     0.894     1.083     1.044     1.115
0.238     0.286     0.344     0.401     0.473     0.545     0.588     0.662     0.772     0.931     0.943     0.848     1.015     1.308     1.248
0.237     0.274     0.329     0.416     0.505     0.558     0.604     0.642     0.725     0.869     0.950     0.931     0.933     1.179     1.236
0.279     0.262     0.311     0.424     0.514     0.608     0.664     0.712     0.738     0.840     0.983     1.045     1.174     0.970     1.177
0.200     0.250     0.300     0.383     0.515     0.604     0.677     0.771     0.815     0.893     0.913     0.984     1.240     1.209     1.167
0.233     0.263     0.283     0.375     0.491     0.613     0.684     0.725     0.837     0.916     0.981     1.026     1.112     1.250     1.214
0.247     0.264     0.290     0.337     0.462     0.577     0.678     0.729     0.804     0.900     1.001     0.950     1.071     1.139     1.215
0.221     0.269     0.304     0.347     0.425     0.488     0.675     0.751     0.853     0.921     0.948     1.063     1.078     1.074     1.110
0.221     0.249     0.300     0.351     0.402     0.504     0.583     0.728     0.829     0.826     0.996     1.015     1.045     1.127     1.150
0.221     0.254     0.278     0.352     0.453     0.512     0.608     0.699     0.813     0.936     0.964     1.041     1.137     1.115     1.038
0.236     0.280     0.309     0.332     0.392     0.533     0.603     0.670     0.792     0.819     0.923     0.952     1.157     1.084     0.994
0.271     0.285     0.298     0.317     0.366     0.447     0.597     0.692     0.761     0.826     1.044     1.098     1.117     0.991     1.094
0.227     0.286     0.294     0.306     0.365     0.455     0.528     0.671     0.747     0.843     0.930     0.944     1.000     0.976     1.026
0.251     0.263     0.290     0.318     0.341     0.425     0.531     0.605     0.715     0.755     0.843     0.945     0.994     0.928     1.098
0.249     0.273     0.289     0.326     0.356     0.423     0.518     0.631     0.721     0.775     0.806     0.903     0.846     0.919     1.046
0.229     0.263     0.286     0.339     0.397     0.449     0.502     0.611     0.732     0.787     0.936     0.948     1.034     0.920     1.131
0.272     0.277     0.301     0.338     0.402     0.454     0.528     0.611     0.734     0.881     0.865     0.923     0.918     0.943     1.104
0.240     0.280     0.307     0.355     0.420     0.486     0.499     0.589     0.720     0.854     0.928     0.933     0.923     0.829     0.739
0.208     0.271     0.313     0.364     0.457     0.524     0.603     0.616     0.683     0.803     0.907     0.957     0.884     1.100     1.076
0.152     0.260     0.310     0.394     0.497     0.607     0.633     0.695     0.700     0.800     0.975     1.078     0.888     0.907     0.943
0.245     0.253     0.280     0.355     0.455     0.547     0.630     0.682     0.752     0.608     0.750     0.933     1.031     0.936     1.093
0.228     0.267     0.284     0.314     0.432     0.500     0.684     0.710     0.751     0.831     0.843     0.749     0.853     1.013     1.102
0.238     0.267     0.292     0.309     0.365     0.482     0.592     0.708     0.795     0.776     0.765     0.725     0.831     0.799     0.892
0.237     0.264     0.289     0.316     0.348     0.445     0.511     0.692     0.761     0.855     0.964     0.749     0.797     1.022     0.997
0.232     0.253     0.287     0.326     0.371     0.414     0.487     0.654     0.766     0.933     0.911     0.794     1.087     0.688     0.867
0.214     0.247     0.283     0.328     0.398     0.437     0.510     0.557     0.797     0.856     0.794     0.950     0.804     1.123     1.139
0.273     0.267     0.283     0.334     0.393     0.436     0.473     0.556     0.616     0.945     1.026     1.006     0.494     1.286     0.783
0.253     0.268     0.285     0.333     0.393     0.403     0.468     0.482     0.525     0.692     0.950     1.499     0.846     1.305     1.386
0.265     0.270     0.307     0.350     0.383     0.458     0.546     0.487     0.598     0.520     0.654     1.200     0.936     0.778     1.001
0.249	  0.267	    0.308     0.345     0.406     0.456     0.542     0.731     0.645     0.736     0.444     0.646     1.126     1.369     0.890
0.176     0.262     0.313     0.360     0.418     0.481     0.531     0.607     0.667     0.775     0.770     0.820     0.820     0.820     0.820
0.210	  0.267	    0.308     0.351	0.420	  0.472	    0.511     0.622	0.682	  0.579	    0.528     1.003	1.295	  0.642	    1.510
0.217	  0.225	    0.277     0.339	0.412	  0.507	    0.600     0.516	0.554	  0.724	    1.070     0.944	1.101	  0.676	    0.943