North Sea Herring fishing mortality - harvest (units : f )
1	2	
1947	2011	
0	8	
1 
0.003542226 0.0002558038 0.06983639 0.1418195 0.1474598 0.1905006 0.3229364 0.3330043 0.3330043
0.003543289 0.0002558038 0.05081824 0.1608955 0.159981 0.2006286 0.2890661 0.319979 0.319979
0.003545061 0.001232636 0.06254931 0.1570015 0.1710499 0.2088164 0.3298227 0.4041052 0.4041052
0.003540455 0.00593968 0.08543495 0.1764355 0.2051528 0.2083158 0.3025224 0.3208441 0.3208441
0.003541872 0.02853853 0.1282466 0.2134399 0.2740897 0.2692002 0.2854181 0.2843072 0.2843072
0.003541872 0.05387439 0.1812098 0.1999876 0.2516792 0.2663085 0.3309129 0.3871202 0.3871202
0.003540809 0.07796463 0.2157791 0.2496738 0.2467943 0.2647154 0.3286046 0.3757204 0.3757204
0.004881513 0.1023661 0.2507246 0.3105843 0.2577926 0.2843356 0.3558308 0.4370053 0.4370053
0.004381343 0.1625288 0.290486 0.3107707 0.2625274 0.2574577 0.3254977 0.2481306 0.2481306
0.003638441 0.1528956 0.363564 0.3143023 0.2719601 0.2464983 0.2642658 0.2755737 0.2755737
0.003809718 0.1932057 0.3409566 0.3246849 0.2781764 0.3026434 0.2858466 0.2839094 0.2839094
0.003899917 0.1670771 0.3676588 0.3551553 0.2686086 0.3296908 0.254743 0.1825739 0.1825739
0.007404258 0.2059133 0.3812652 0.3451763 0.3056239 0.2984956 0.3147112 0.3085103 0.3085103
0.0141789 0.2248324 0.3873758 0.2857037 0.252966 0.2254628 0.2838527 0.3319403 0.3319403
0.01704497 0.1127931 0.4226969 0.3205555 0.3012243 0.273296 0.2918837 0.259033 0.259033
0.00603005 0.1052097 0.2587482 0.4171664 0.3470453 0.3219368 0.3852357 0.3376316 0.3376316
0.009880423 0.1315064 0.2860468 0.2858752 0.2416415 0.2151973 0.1910347 0.1927811 0.1927811
0.0104893 0.2550744 0.3561156 0.3561868 0.3243604 0.3057156 0.277815 0.225553 0.225553
0.008363318 0.2346641 0.5342401 0.5278886 0.5079258 0.4867377 0.449855 0.4783512 0.4783512
0.01701942 0.2060781 0.4998386 0.5550539 0.4952216 0.6092296 0.3931044 0.5677353 0.5677353
0.02381356 0.2661487 0.4935061 0.6992129 0.6656508 0.6937594 0.7160967 0.9464795 0.9464795
0.02767848 0.2775095 0.9018113 1.281883 0.7756065 0.8569635 0.9247693 1.133307 1.133307
0.01191926 0.2881137 0.7081779 0.8122639 0.7567972 0.8153482 1.225685 0.9892007 0.9892007
0.03252976 0.2662286 0.7523302 0.9472142 0.9097358 0.8142075 1.102689 0.9244373 0.9244373
0.03912084 0.5193226 0.7052873 0.8741092 0.8804695 0.7068689 2.891282 1.274342 1.274342
0.05802392 0.5348655 0.6930452 0.6942175 0.6581516 0.544504 0.6354067 0.3327712 0.3327712
0.05254948 0.5983197 0.7985402 0.927481 0.7329337 0.7265122 0.9507901 0.5682692 0.5682692
0.08345898 0.4308523 0.8535681 0.8066544 0.7665081 0.9159734 0.884246 0.7775401 0.7775401
0.0981361 0.5050994 0.9352186 1.027993 0.8885006 1.128106 0.8583786 1.399675 1.399675
0.07523791 0.1560467 0.6173186 0.8653165 0.7791669 0.8109815 0.5444332 0.8558844 0.8558844
0.07276647 0.1098214 0.1732707 0.4715736 0.3045256 0.4384892 0.2969475 0.3422205 0.3422205
0.09159304 0.1026839 0.180685 0.3110505 0.2482795 0.3269984 0.1815544 0.2984359 0.2984359
0.108468 0.09922155 0.1938831 0.271471 0.195206 0.2741719 0.1020288 0.2205568 0.2205568
0.1320334 0.08975245 0.2107253 0.2436799 0.17828 0.2194348 0.06346923 0.1298987 0.1298987
0.3704266 0.1955381 0.1964789 0.2017956 0.1942907 0.2231748 0.189115 0.3908584 0.3908584
0.341093 0.16967 0.1791915 0.2600712 0.1951474 0.1540004 0.1361361 0.1997477 0.1997477
0.3751422 0.201332 0.1976021 0.234289 0.2541578 0.2268423 0.2410141 0.3512349 0.3512349
0.2103253 0.1864858 0.2238901 0.2885174 0.3465251 0.346248 0.3133921 0.5025651 0.5025651
0.1049575 0.2923218 0.2768997 0.3918916 0.4336403 0.4090123 0.4270134 0.5377669 0.5377669
0.08231516 0.2994523 0.2994523 0.3532074 0.3906239 0.3840126 0.4662329 0.543715 0.543715
0.1428157 0.3517973 0.3023712 0.3241659 0.3868919 0.4107256 0.4450939 0.41865 0.41865
0.12142 0.4735868 0.2797105 0.297661 0.3773697 0.4221604 0.4485837 0.4526211 0.4526211
0.1256946 0.3592632 0.2850473 0.2871358 0.3813148 0.3990295 0.3999443 0.4194336 0.4194336
0.07823016 0.3889245 0.2809721 0.2594737 0.314051 0.3496929 0.2981973 0.3370244 0.3370244
0.1251803 0.2879697 0.375976 0.2984956 0.3122347 0.3247499 0.3337043 0.270144 0.270144
0.2655107 0.3236152 0.3999123 0.3354441 0.35349 0.3555462 0.3992171 0.3828087 0.3828087
0.319883 0.3278169 0.4349823 0.4302065 0.4447647 0.3809603 0.4205466 0.4628649 0.4628649
0.2150467 0.1890205 0.421536 0.4435211 0.5680363 0.371521 0.3803551 0.3728049 0.3728049
0.2156497 0.191647 0.3086337 0.4038992 0.3961272 0.426881 0.3581512 0.3245875 0.3245875
0.07635972 0.1379312 0.1738087 0.2459321 0.2253051 0.2421011 0.2569947 0.126312 0.126312
0.02387317 0.04152332 0.1456717 0.2047839 0.2227512 0.2215737 0.2077333 0.1639326 0.1639326
0.01935315 0.09731521 0.1589286 0.2142097 0.2257787 0.2432659 0.2672689 0.1493146 0.1493146
0.03080433 0.04924734 0.1525443 0.2200941 0.2232418 0.238163 0.2237558 0.1367775 0.1367775
0.0339251 0.05287102 0.1416494 0.2035385 0.2293743 0.2539291 0.231078 0.1415645 0.1415645
0.03205827 0.04820464 0.08428933 0.1854815 0.2167523 0.2219729 0.2242038 0.1568289 0.1568289
0.02651353 0.03412585 0.08996811 0.1448727 0.2148962 0.217208 0.2146814 0.2000076 0.2000076
0.02857566 0.05059007 0.07992233 0.1450756 0.2084408 0.3167318 0.255202 0.2269785 0.2269785
0.04420135 0.04023572 0.08813373 0.1410699 0.2312167 0.3287361 0.4318271 0.3405818 0.3405818
0.0632538 0.09151064 0.1098324 0.1451192 0.2214629 0.3586888 0.4627353 0.6246211 0.6246211
0.05046375 0.04106907 0.09927118 0.1562184 0.227706 0.2873943 0.3845583 0.558897 0.558897
0.03930907 0.03354391 0.07925379 0.1577096 0.212758 0.2616886 0.2723411 0.4439959 0.4439959
0.04417042 0.02957577 0.08076593 0.09934069 0.1347681 0.1693987 0.1566878 0.206532 0.206532
0.03038519 0.02356012 0.05693756 0.05502322 0.08839852 0.1001086 0.08066907 0.1079162 0.1079162
0.02633912 0.02736474 0.06393425 0.0670042 0.07872457 0.1007211 0.08026674 0.07874819 0.07874819
0.03737325 0.01531535 0.06819391 0.0889394 0.09014823 0.1183747 0.1011046 0.08921554 0.08921554
