North Sea Herring proportion of F before spawning - harvest.spwn (units : NA )
1	15	
1947	2011	
0	8	
1 
0.67 0.67 0.67 0.67 0.67 0.67 0.67 0.67 0.67
0.67 0.67 0.67 0.67 0.67 0.67 0.67 0.67 0.67
0.67 0.67 0.67 0.67 0.67 0.67 0.67 0.67 0.67
0.67 0.67 0.67 0.67 0.67 0.67 0.67 0.67 0.67
0.67 0.67 0.67 0.67 0.67 0.67 0.67 0.67 0.67
0.67 0.67 0.67 0.67 0.67 0.67 0.67 0.67 0.67
0.67 0.67 0.67 0.67 0.67 0.67 0.67 0.67 0.67
0.67 0.67 0.67 0.67 0.67 0.67 0.67 0.67 0.67
0.67 0.67 0.67 0.67 0.67 0.67 0.67 0.67 0.67
0.67 0.67 0.67 0.67 0.67 0.67 0.67 0.67 0.67
0.67 0.67 0.67 0.67 0.67 0.67 0.67 0.67 0.67
0.67 0.67 0.67 0.67 0.67 0.67 0.67 0.67 0.67
0.67 0.67 0.67 0.67 0.67 0.67 0.67 0.67 0.67
0.67 0.67 0.67 0.67 0.67 0.67 0.67 0.67 0.67
0.67 0.67 0.67 0.67 0.67 0.67 0.67 0.67 0.67
0.67 0.67 0.67 0.67 0.67 0.67 0.67 0.67 0.67
0.67 0.67 0.67 0.67 0.67 0.67 0.67 0.67 0.67
0.67 0.67 0.67 0.67 0.67 0.67 0.67 0.67 0.67
0.67 0.67 0.67 0.67 0.67 0.67 0.67 0.67 0.67
0.67 0.67 0.67 0.67 0.67 0.67 0.67 0.67 0.67
0.67 0.67 0.67 0.67 0.67 0.67 0.67 0.67 0.67
0.67 0.67 0.67 0.67 0.67 0.67 0.67 0.67 0.67
0.67 0.67 0.67 0.67 0.67 0.67 0.67 0.67 0.67
0.67 0.67 0.67 0.67 0.67 0.67 0.67 0.67 0.67
0.67 0.67 0.67 0.67 0.67 0.67 0.67 0.67 0.67
0.67 0.67 0.67 0.67 0.67 0.67 0.67 0.67 0.67
0.67 0.67 0.67 0.67 0.67 0.67 0.67 0.67 0.67
0.67 0.67 0.67 0.67 0.67 0.67 0.67 0.67 0.67
0.67 0.67 0.67 0.67 0.67 0.67 0.67 0.67 0.67
0.67 0.67 0.67 0.67 0.67 0.67 0.67 0.67 0.67
0.67 0.67 0.67 0.67 0.67 0.67 0.67 0.67 0.67
0.67 0.67 0.67 0.67 0.67 0.67 0.67 0.67 0.67
0.67 0.67 0.67 0.67 0.67 0.67 0.67 0.67 0.67
0.67 0.67 0.67 0.67 0.67 0.67 0.67 0.67 0.67
0.67 0.67 0.67 0.67 0.67 0.67 0.67 0.67 0.67
0.67 0.67 0.67 0.67 0.67 0.67 0.67 0.67 0.67
0.67 0.67 0.67 0.67 0.67 0.67 0.67 0.67 0.67
0.67 0.67 0.67 0.67 0.67 0.67 0.67 0.67 0.67
0.67 0.67 0.67 0.67 0.67 0.67 0.67 0.67 0.67
0.67 0.67 0.67 0.67 0.67 0.67 0.67 0.67 0.67
0.67 0.67 0.67 0.67 0.67 0.67 0.67 0.67 0.67
0.67 0.67 0.67 0.67 0.67 0.67 0.67 0.67 0.67
0.67 0.67 0.67 0.67 0.67 0.67 0.67 0.67 0.67
0.67 0.67 0.67 0.67 0.67 0.67 0.67 0.67 0.67
0.67 0.67 0.67 0.67 0.67 0.67 0.67 0.67 0.67
0.67 0.67 0.67 0.67 0.67 0.67 0.67 0.67 0.67
0.67 0.67 0.67 0.67 0.67 0.67 0.67 0.67 0.67
0.67 0.67 0.67 0.67 0.67 0.67 0.67 0.67 0.67
0.67 0.67 0.67 0.67 0.67 0.67 0.67 0.67 0.67
0.67 0.67 0.67 0.67 0.67 0.67 0.67 0.67 0.67
0.67 0.67 0.67 0.67 0.67 0.67 0.67 0.67 0.67
0.67 0.67 0.67 0.67 0.67 0.67 0.67 0.67 0.67
0.67 0.67 0.67 0.67 0.67 0.67 0.67 0.67 0.67
0.67 0.67 0.67 0.67 0.67 0.67 0.67 0.67 0.67
0.67 0.67 0.67 0.67 0.67 0.67 0.67 0.67 0.67
0.67 0.67 0.67 0.67 0.67 0.67 0.67 0.67 0.67
0.67 0.67 0.67 0.67 0.67 0.67 0.67 0.67 0.67
0.67 0.67 0.67 0.67 0.67 0.67 0.67 0.67 0.67
0.67 0.67 0.67 0.67 0.67 0.67 0.67 0.67 0.67
0.67 0.67 0.67 0.67 0.67 0.67 0.67 0.67 0.67
0.67 0.67 0.67 0.67 0.67 0.67 0.67 0.67 0.67
0.67 0.67 0.67 0.67 0.67 0.67 0.67 0.67 0.67
0.67 0.67 0.67 0.67 0.67 0.67 0.67 0.67 0.67
0.67 0.67 0.67 0.67 0.67 0.67 0.67 0.67 0.67
0.67 0.67 0.67 0.67 0.67 0.67 0.67 0.67 0.67
