North Sea Herring stock numbers at age - stock.n (units : NA )
1	3	
1947	2011	
0	8	
1 
72492959 15494567 7865526 3696881 5362817 3426329 2960889 1684535 5101270
67254871 19677767 6556713 5050511 2483054 3660096 2278436 1689596 3867040
59233629 18219445 9295119 5137104 2972756 1672784 2412080 1393041 3259225
81899218 15448153 7732942 7297191 3752752 1854267 1084902 1368191 2463269
74850249 22771037 6280750 5357457 5204322 2692552 1219559 641779.5 2213311
74700698 20055219 9083771 3905905 3162900 3103373 1698065 751630.4 1778001
80117110 20095370 7857665 5251372 2465734 1889835 1903110 984609.1 1397227
75150250 22297832 7779480 4556202 2943177 1542631 1162403 1104607 1357289
66386216 19717162 8868356 4421546 2380926 1694672 911639.6 644351.7 1246687
49130963 18002118 6736156 5111482 2436322 1365457 1019681 514011 1218340
129994149 12286357 6695860 3150274 2919725 1429735 866311.7 625933.9 1054946
49674387 40955636 3925483 3649132 1621723 1735837 810981.1 516071.2 978719.1
56911045 12698571 16902972 1878530 1955194 961259.8 968012.2 502826.3 1057058
23068993 16272710 4210113 9379153 932850.3 1057058 545795.7 540364.9 927269.9
108146787 4995260 5592852 2074021 6040516 573205.7 709276 319336.3 799706.4
52904555 32216845 1624970 2441199 1145097 3752752 345932.9 443299.1 671990.8
79319932 15494567 13443416 904375.6 997492.6 560172.5 1998685 171441.9 603801
82145285 18402554 6064726 8529148 600789.6 643064.3 413742.9 1434031 523347
38186782 22275545 5786279 3365207 5005260 381551.1 391210.1 272120.4 1338420
34935009 11217661 7633065 2193480 1432598 2206681 185535.2 188527.7 814231.5
42926504 10522222 3953058 3331723 873269.9 673336.2 868046 100810.7 444631
40873807 14709440 3207492 1871031 1240469 307429.2 255505.7 298343.3 159532
19560054 14680050 4652894 759184.4 323191.4 400312.2 87553.03 73791.59 103984.8
36506468 7889158 4483883 1589611 232350 103156.2 125116.4 17380.43 46957.58
26990621 15036633 2655119 1342441 403527.5 61821.1 30699.45 30576.9 17997.71
17716377 11628854 3609212 882046.5 356111.8 106830.6 20140.74 1088.657 8851.126
8966446 7459508 2864774 1191829 319655.8 129702.7 45433.27 8103.894 5136.874
16387018 3707988 1646233 831511.2 293607.8 106297.8 43260.71 12028.09 5558.591
3870909 7920778 986580.3 450448.9 257557.9 90219.42 29202.22 12341.22 5886.401
4901246 1414095 1986729 233748.3 100207.7 69424.84 18403.57 8369.923 3026.917
5520616 2109581 465096.4 639857 59994.01 26529.17 20237.65 7051.531 3258.753
5826925 2345479 810981.1 315527.1 259367.2 33123.56 11499.97 10283.54 5137.901
11172880 2258023 902568.6 462776.7 189662.2 134188.4 18442.26 6561.011 7837.694
17072849 4470452 829020.4 497325.5 243287.7 130875.3 69563.83 13108.29 7665.615
37468083 6682482 1880409 416232.8 259886.4 149044.5 92318.52 51844.29 15257.1
59709399 10702629 2303638 1091431 238470.3 144206.3 81715.58 58571.29 34098.2
56232194 18925107 3878659 1314543 561293.9 148746.7 102641.7 53637.3 65447.27
53650428 15902709 6941303 2128653 769887.7 302549.4 92041.97 64344.07 69563.83
67456938 17930254 6236939 3890312 1124670 399512.4 146678.7 52365.33 66836.19
79717524 26114467 5774718 3295274 1744537 491884.9 190232.1 67104.07 57068.07
81409294 32249078 9304419 2841947 1667773 833175.8 244262.8 86942.3 54502.4
42926504 29151007 10821008 4920890 1429735 828191.8 402318.8 117125.3 71324.84
35640743 15494567 7542015 6052609 2714179 710696 401916.6 190232.1 91126.14
29978769 12673199 4671543 4135009 3745254 1485111 382697.4 211504.2 156373.1
31642129 12151947 4008790 2463269 2404855 2111692 810170.5 220576.5 190041.9
59174425 11605620 4556202 1861699 1407042 1346474 1225672 463239.7 241832.4
51392356 18849558 3898101 2002686 992517.6 759184.4 735275.1 608042.5 365492.1
36397112 15081811 5850280 1565945 824885.6 431058.9 365126.8 342148.5 427196.8
46828381 12749467 6040516 2649814 772973.5 337729.3 212139.6 177371.2 352216
44233811 16175366 5261886 3051061 1167062 352921.2 134726.2 100408.3 275681.1
31108760 18962995 6556713 3020703 1681169 666636.4 215776.8 71253.56 228890.7
22098052 13072221 9511384 3365207 1633115 935653 401113.6 133920.3 172819
71128595 9184244 5261886 6058665 1751530 779182.1 459089.3 201390.3 161457.9
48496394 31264693 5015281 2981688 3612823 1053891 460008.4 260928.1 203821.5
84901303 18020130 14636076 3262486 1715131 1964994 549080.3 249197.2 233281.2
44278067 36799691 7881273 9120179 1794075 942225.6 1125795 301643.2 292143.4
21274080 16852339 20297332 4643598 5443866 974812.1 580706.1 646287.7 333700.8
24865702 7944576 6709265 12534558 2952019 3169232 493362.8 346279 524919.4
23277552 9989049 3813279 4316692 7889158 1696368 1641301 230038 401113.6
27480851 8040485 4960415 2488026 2628700 4756392 852561 738960.7 242074.3
26245366 9949173 3700580 3017683 1551915 1418343 2633963 424216.8 409216.6
26192928 10951642 4704359 2251259 1869161 984609.1 868046 1715131 474966.7
35039971 10574965 6230705 2859050 1405635 1207424 669977.9 600189.1 1618483
37095269 13230033 5542743 4368805 2090680 1048635 956465.5 517621.7 1819368
31139884 15036633 6602771 3580453 2887784 1309296 710696 682829.2 1694672
